// Archivo de configuracion
idAr: 6
modo_alarma: 1
Ts: 600

serv: 172.31.3.161
mac_: DE.00.00.0D.00.0E
myip: 172.31.3.166
dnSe: 172.31.3.1
gate: 172.31.3.1
mask: 255.255.255.0

LargoExterno1: 10.00000000
LargoInterno1: 100.00000000
umbralAlarmaFuerte1: 1.10000000
umbralAlarmaSuave1: 6.60000000
factorVelocidad1: 0.63000000

idx_1: 32
th1_1: 705
th1_2: 250
th1_3: 250

start_reg_cable_1: 1000
start_reg_cable_fil_1: 6000